[3.4100000000000006e-10, 4.540000000000001e-10, -2.48e-10]
[2.4226499999999995e-08, 4.6465499999999993e-08, -3.1741799999999994e-07]
[2.6894865000000004e-06, -2.6083905000000006e-06, -6.965880000000001e-06]
[1.2881447e-05, -1.0789895500000001e-05, -2.4374442000000003e-05]
[2.6244977e-05, -1.64200915e-05, -5.493221400000001e-05]
[4.4359326999999994e-05, -1.0279089500000001e-05, -9.68516075e-05]
[6.5850931e-05, 8.91996250000001e-06, -0.00014942291750000004]
[8.384115199999999e-05, 3.7209860500000006e-05, -0.00020786646650000002]
[0.00011009941999999998, 7.788185049999998e-05, -0.0002765647925]
[0.00014133619499999997, 0.00013356597849999998, -0.00035860320400000003]
[0.000177691443, 0.00019812371650000006, -0.0004609850920000002]
[0.0002211912845, 0.00026837143850000003, -0.0005774236490000001]