-1.0387999999999998e-10 1.0071e-09 -2.665999999999999e-11
-3.5244256999999995e-07 5.22178905e-07 1.64468605e-07
-6.702475609999998e-06 4.710658005e-06 8.06016265e-07
-2.216162596e-05 8.443437229999998e-06 1.7781122150000003e-06
-3.9068242435e-05 1.1594139329999997e-05 -1.607643585e-06
-4.7184426355e-05 1.4586686049999998e-05 -1.2620240305e-05
-4.6271887195e-05 1.9267036269999997e-05 -2.9569686325e-05
-4.1204434795e-05 3.1635576429999996e-05 -5.0762846885e-05
-3.3738488039999995e-05 5.363208635499999e-05 -7.1870494895e-05
-2.2878994199999996e-05 8.382967559499999e-05 -8.8193096255e-05
-1.1623644899999996e-05 0.00011950754951499998 -9.733888953499999e-05
-4.797831779999996e-06 0.00015654128799499998 -0.000100124771695
